0123456789
0123456789
0123456789
1023456798
0123456789
0123546789
0123456789
0123456789
013246789
01234567891011121314151617181921202223242526272829303132333534363739384041424344464547484950515253545655575859606261636466676568706972737475767778798082818384858687888990919293959496989799
0123456789101112131415161718192021222324252627282930313233343536373839404142434445464748495051525354555657585960616263646566676869707172737475767778798081828384858687888990919293949596979899
0123456789101112131415161718192021222324252627282931303233343536373839404142434445464748495051525354555657585960616263646566676869707172737475767778798081828384858687888990919293949596979899
